1716
9847
1543
9122
4300
9799
2686
1605
3003
3577
81
4243
3137
2746
5673
5517
2058
899
8694
2373
8628
1524
1489
1297
2155
4174
7616
1326
6440
4319
3866
9494
4090
7059
6827
8453
7539
2825
1802
7657
5158
3572
7018
536
1023
3123
3534
6551
7540
6324
3344
3752
826
660
531
2803
8860
9929
4583
7736
5047
6548
6894
1171
2601
7441
6157
1602
9772
2433
9844
7523
9629
8554
1937
8961
3826
6061
9010
3761
2956
4857
7163
2136
7400
4334
9575
687
1292
6228
3969
9834
5617
1533
3589
4965
8171
888
2499
3391
3649
2263
3012
796
9225
3380
9088
6038
1251
639
911
612
2266
2811
3870
2862
9462
3562
3765
1551
1685
1798
1622
1035
2699
4882
5321
2195
7799
5664
9254
2439
9817
7940
9858
7244
1137
9576
5918
9310
7161
8993
5931
9047
9974
4866
387
7825
3355
8577
7828
1096
8350
9895
2126
3012
9471
4187
1344
1590
3494
7329
2398
5616
4780
9838
6821
4042
4797
431
4146
9042
2349
8635
352
1811
3897
5767
7904
4410
9583
6057
4382
2437
144
2143
4337
156
4340
5184
499
981
8879
2579
8338
3587
7507
3710
9927
238
5718
3138
6997
2057
70
1830
1108
7360
2394
5856
3582
1024
42
4667
1161
556
9234
2998
3079
1724
9874
3897
6746
3913
7050
2638
7756
807
1125
5597
3086
2289
9955
2183
895
8972
9436
56
4719
1557
7137
1079
8853
2636
4629
9520
5486
3381
5564
2516
9143
4156
2802
7262
7469
5801
8255
2634
7298
1684
3994
2449
5331
1291
9644
4888
6536
5890
7559
8474
5595
6602
3111
1907
8348
9701
1863
4942
5333
713
5158
5281
362
3219
5083
1432
1331
3934
2215
2223
5117
5492
331
5972
813
1283
4698
6940
6119
9940
2944
6996
494
7641
5843
2715
3741
932
7192
4479
1029
2528
121
2549
3304
5706
4534
1773
3190
8543
4729
9429
869
1453
2351
8781
6038
2642
1108
1322
5045
4810
6558
9215
4066
7223
1405
2409
9902
7137
1297
5354
5256
5137
4796
104
7737
3896
6969
2871
7484
1733
446
2340
2946
5351
8126
8243
2628
3152
2642
9388
5755
9675
761
5169
541
9775
1949
1028
8744
1843
712
2310
1348
3332
5143
6563
7700
6630
6830
1292
1006
248
9021
7413
5707
3995
3729
8176
7328
6308
6381
2553
3886
4735
4842
2420
4808
7126
172
1444
2611
6835
2744
8237
2226
5475
4899
8908
8739
8235
1021
1750
1203
1007
654
8398
553
2449
6623
8843
4770
9174
2716
601
9353
6751
552
9439
1338
5751
9313
1057
887
456
550
774
5930
8404
8343
4189
2364
9600
6140
9243
2341
35
4393
4648
9317
6800
1200
2492
9170
1759
8119
612
8035
5203
6571
1145
9725
9528
5925
8403
8924
2075
6988
6777
5620
2527
5835
5052
1592
9869
4645
9685
4874
1835
7063
3884
869
6928
8780
5051
2632
1479
4070
8034
83
8898
2972
9980
215
9745
2639
4850
6345
2084
7377
4014
2343
1197
8280
4211
943
6441
9759
8203
3308
1712
8799
1121
49
971
3148
4432
6843
2085
898
5611
1618
9365
9522
9295
2641
9564
4327
7366
3207
6362
8430
541
6733
7941
9893
5512
904
3277
3331
1909
33
681
281
9742
3203
854
2247
531
9684
3042
1170
7223
264
7460
8453
1658
9187
2318
245
7447
2142
4581
3786
2558
7308
9856
2666
4565
701
2592
6904
1595
2562
4399
1037
7661
8177
3996
5414
1388
316
8453
1839
4046
2381
6758
621
1620
2693
450
4658
493
3446
2974
9549
5481
7709
9750
4672
881
6596
4859
8950
36
6294
3162
68
6693
8788
7139
9983
5331
8552
1527
4863
5625
297
7395
9347
183
8350
4877
5141
6432
1686
493
5983
2247
3928
5070
7294
1267
8054
7109
4870
6458
6215
9137
3526
5949
7588
9747
1917
8833
2099
1184
5516
1566
8915
7764
2110
4795
3704
90
9815
6329
5704
2649
281
3934
9844
5137
9692
8133
3275
1863
9758
2069
5195
205
9801
2911
1401
5077
4101
3116
1012
2679
2382
4310
5269
49
1623
4886
4185
751
2878
1310
7538
443
3794
6375
8922
2214
9875
6718
7498
2664
104
1755
8459
7813
599
2354
5787
177
7425
8621
4930
6981
4587
4666
8965
4689
6453
6337
346
1700
9076
2569
733
1435
3106
1851
2515
2134
857
7862
6397
2385
4860
2389
6351
1890
3703
4654
2273
350
5864
6701
4150
1393
4573
7968
5580
3149
7632
1476
9555
4114
929
9664
337
4208
3426
9088
9861
1977
1737
2469
2682
3850
2673
4523
7103
1467
7442
5787
3893
1925
8626
3458
4088
6163
5324
3458
9425
7916
5888
151
5371
4881
2571
4989
134
66
2425
6032
9785
5158
2152
9811
7802
9210
8047
3461
1298
7449
7918
4562
5181
2253
1848
4214
9744
3413
8670
7671
782
5271
3342
4819
940
2760
380
3767
2643
2410
4703
2609
6230
2501
7824
3689
6405
3338
3486
956
1874
9219
7317
2617
2178
9711
5825
736
6773
2669
5917
9974
2505
9750
4577
3758
1756
3920
2347
1285
9121
7360
1789
5197
1030
2239
9480
9037
179
433
8423
5206
9653
6962
3903
1657
1355
3698
549
8471
7649
867
5521
5337
9579
6912
1105
626
8436
3632
8705
3969
2328
4827
6602
3851
8367
12
6696
3624
6780
2952
913
861
580
2110
947
4522
8994
7407
2940
389
1034
9584
5408
1559
9564
3342
5831
1061
2252
5649
8533
2
9296
5748
7294
6147
4778
563
9593
8051
5367
8838
1476
7319
182
6894
7801
1349
7341
6750
6847
3137
6873
5036
2356
2040
5988
6647
4122
5457
1292
7290
1455
4240
4721
2082
3409
573
223
1581
6066
2980
3837
2596
329
430
7413
2027
7129
7872
4613
6966
277
2579
1301
846
3684
244
1115
5459
1042
2348
1531
8820
3176
6067
5875
9582
9724
368
8710
2626
2859
4677
8822
2522
4615
6953
8039
7324
6604
9893
8834
1551
3703
8259
7272
5278
25
5235
8712
9436
7512
7792
6835
2375
1638
467
461
6719
6870
6918
4902
3433
4493
5004
1226
9631
102
3935
5718
10
8281
1578
2924
5027
1756
7241
8393
4006
2553
8909
1284
9256
5218
1524
3418
3034
6403
8024
456
1294
3480
1895
8584
8378
1567
5891
5153
8731
558
2106
9224
1948
3688
9929
5147
2935
3228
7501
623
107
8527
3226
7303
9391
7243
9728
7081
4982
7575
9386
9340
9363
6809
7881
9125
3710
9689
7632
6210
1192
1144
3105
9686
5179
3201
2009
1430
9078
4911
8999
9507
8536
7440
1282
9513
7034
8056
3340
7047
2578
265
801
1025
5237
3809
9445
6547
3085
6084
5053
4278
3867
6715
8860
6119
6383
3277
481
4742
1046
6686
8143
4013
4419
3174
702
2162
8705
131
6976
2126
9287
1201
1350
1999
9789
3896
7603
3226
3102
215
6881
5205
1871
3520
4979
2661
1343
2612
843
1251
4687
6432
3325
2692
1988
7384
3012
5465
9179
7331
4468
6244
1516
7655
2943
1949
6610
7879
2587
3892
3930
3162
6372
3575
2410
5806
750
262
1556
8748
4190
4165
5178
654
6618
6450
1188
6734
1501
8376
4256
7681
8864
8451
314
1908
3094
3764
5853
6261
3846
1159
4216
1013
7918
2708
7108
3677
2981
3299
389
9775
1682
2660
4879
3854
2076
9613
1067
2273
594
1349
7994
1667
2428
2913
1369
2319
2145
2908
1461
938
7274
2764
8945
8705
439
2963
5222
2469
9393
1268
3083
7092
79
1879
1013
6394
2973
3326
848
56
4777
6345
8238
9476
3872
6150
5008
6096
506
5277
2867
1807
753
8795
6044
6181
9527
5134
5960
1679
6920
481
7821
2644
8973
4007
757
3866
3491
6621
6092
6683
6908
1291
1095
7145
1124
5340
1735
5456
4183
8271
527
155
5841
4460
2546
9466
6998
7051
2321
7730
7251
7905
1892
1685
788
4428
7846
3252
8104
882
3606
4835
7138
5621
1995
8716
1329
4473
6695
3158
4786
3561
8688
8662
3316
87
5659
5127
4108
9747
1098
1207
5755
2862
8295
2786
3549
5566
7041
4002
9426
2612
999
503
1218
269
3554
2388
8077
967
4136
8042
3986
6020
2622
8009
8705
1123
2766
5812
6641
1293
7338
7924
1478
2558
3599
2288
8110
277
1357
9724
2059
8973
4358
7455
7734
4908
3253
521
6946
6284
4018
2261
1822
4793
3091
7499
8447
5370
4820
1945
3214
195
7114
2323
3757
6554
84
9849
2624
1224
4835
952
2586
1171
8876
5539
869
5178
8524
7940
9958
5313
8171
8509
2864
7757
180
8900
968
8514
1252
31
809
1995
7521
4076
73
6761
1901
3972
9148
1505
8075
7920
1271
6607
4385
2380
407
991
590
860
5587
2525
302
29
5583
8763
9468
909
1139
1364
599
1581
9244
3742
3912
1477
9889
2981
611
8169
4264
5718
4396
2251
362
6729
892
4449
660
8227
4
7961
1520
3050
9825
3370
5747
8698
320
3613
5816
4311
1572
9723
8397
2916
967
8056
1884
132
9645
9265
5694
5504
3679
802
5787
6408
3046
3227
9844
7037
4501
2084
7428
1598
9724
1166
1956
8881
7595
2332
8303
8405
4756
5362
982
4037
6085
8732
1188
5488
2612
163
8452
5703
4059
1820
5458
7334
134
6273
703
3542
3914
227
9433
8002
1465
8288
8410
7673
2707
6546
5584
4276
5375
7177
845
7593
458
8122
4912
1439
527
1543
388
9890
7465
6017
3735
4617
8853
4459
4349
5366
3562
7393
102
7214
2845
1224
4909
2170
5328
7128
2163
3213
1596
5464
3596
8343
6303
7769
3848
5498
3511
4630
484
5915
4080
2729
9730
186
538
6433
4726
8869
2558
1667
1219
9306
1842
9775
1318
5436
1692
181
3456
3320
3460
5528
1514
7017
4092
6145
3540
3064
4628
2262
2254
7592
5113
6525
699
6625
6702
6924
1379
1915
5502
9139
3784
2237
1072
3212
7563
4807
7980
5969
9631
6125
5646
5983
5871
3077
3625
1418
444
9123
8813
9522
345
242
2795
3364
1418
3334
5192
3971
1146
5567
3553
7288
8013
785
559
728
7477
3586
9707
1685
1769
2740
7475
8760
4610
259
4652
381
3000
3777
8411
335
3933
7921
3151
4438
7576
5904
9569
622
9237
698
8896
3291
570
380
7734
5449
9421
3814
638
4216
5700
6628
1210
9096
205
5501
3488
593
8864
7787
3173
3639
6098
6188
461
9564
2379
3976
5265
1542
922
1381
1970
1250
103
1575
9133
425
4585
4571
1104
1843
3706
1910
8220
2777
3495
10
235
2703
4908
8729
4724
7217
4448
6573
28
8253
4413
7846
5119
6402
2611
421
1472
2199
1708
7274
4237
5408
8067
5369
8615
2540
7281
2290
48
6130
5384
6497
7718
5358
4452
2067
4863
9398
4959
4874
5413
2481
5316
162
3844
8186
5238
4901
5425
4098
4162
2732
7166
1764
3953
2760
8315
6749
1603
2128
111
4332
2377
875
8088
1366
33
1152
31
9052
3671
2860
9503
81
7642
8692
9095
8727
5341
636
7342
1834
991
6631
3911
1407
237
9263
2533
6302
9366
2600
2001
4797
6576
6096
8985
4927
633
1690
8539
8366
7760
6571
7907
9652
7621
6324
7633
2096
5055
6641
8991
7223
4940
1697
641
4025
7742
3368
2925
9957
1412
2769
1181
6559
7382
1080
1843
8242
9990
8967
1644
65
6163
5247
24
5650
1775
1065
3625
8445
9347
1741
5931
1777
2434
1315
8163
8152
4588
3369
9402
6172
3332
2356
524
3658
2563
714
9115
9366
9982
1696
2474
5727
8950
2399
9047
7764
4767
3276
1416
6775
3251
728
282
3937
6343
3989
4694
102
4495
763
133
3098
2701
665
3077
6213
9952
4160
1516
8819
7243
8172
8796
6399
9026
276
888
9841
3245
1205
7222
5557
2934
1594
4117
3534
9829
575
321
2266
2318
3013
2613
7512
2473
6584
993
7656
5747
2080
3548
9586
387
1813
8555
281
2128
2631
3554
7121
5841
5452
4666
7647
1860
9371
1604
2864
8659
7048
2541
2045
1907
7393
1523
4189
8655
2425
9367
9195
3446
1107
7971
506
1712
1153
1566
2278
4054
6413
7774
2844
2099
4505
4781
909
6325
5058
6862
1151
1656
4506
9026
5685
3781
1605
9175
3761
5399
84
2400
5351
7679
9377
8570
5651
7193
9850
5054
4445
8974
5617
5299
1643
9083
3667
7702
6520
993
6696
6108
7316
5790
6395
9319
7213
8525
7626
5064
4860
1609
6576
1700
9491
4840
993
5689
6021
3094
6678
3650
1078
1119
202
4442
5077
2001
4435
9278
1735
7824
9989
5510
8903
12
6820
373
9498
1249
3400
5246
7511
2637
9574
9050
7223
7992
7101
2391
6777
3823
2766
6627
2554
3088
1631
1770
1635
3581
2353
4460
6051
7147
449
563
5918
2490
9468
1011
422
6506
3911
6802
8665
284
798
8106
3003
4726
2043
1069
2774
8539
7129
7897
2560
4779
105
9340
6732
2999
6389
8377
6114
2120
6788
5019
835
608
3149
5770
1176
5072
7343
5068
2203
5564
8160
2701
9064
1004
1668
6834
261
84
1137
1547
9792
1687
1792
1303
8248
343
2327
8029
5278
3200
1989
887
1981
5430
4557
2753
9032
7164
3383
1939
1699
1478
3619
5771
6486
81
3328
8591
3485
6050
1276
770
1794
2140
2668
1764
2687
5990
6606
7823
1279
7516
5005
6735
5685
2772
9974
3009
1807
1988
456
7568
7659
1939
2561
3196
8587
6349
343
1804
2550
2171
9155
1701
9423
66
9141
4155
1786
1226
8020
9575
9627
1186
6292
6618
9665
4898
6334
7762
5092
2658
8490
7594
7515
8377
7184
2726
305
1496
304
4656
2792
4472
1502
2349
1310
2225
6354
4627
1440
3788
7711
9742
3612
1468
578
8385
8571
7752
7389
1803
3327
2348
6149
4218
2857
5906
345
6756
7119
5578
4004
9123
3708
7121
7397
8129
2168
977
9261
1429
8937
8933
7480
9420
5370
5680
255
907
3979
9263
317
8404
1497
7068
3601
664
7743
6084
7252
620
9517
5947
2043
975
1721
1806
3807
9098
4484
3210
476
9992
9566
60
5942
2648
4811
2280
291
1313
9928
9341
4644
9942
2361
5656
4213
1179
7621
5225
1000
5991
6836
1091
5453
7001
7415
1128
2822
2719
6826
9716
2424
7845
6
8088
5139
7035
7929
1483
8853
523
1850
1580
6716
3433
7527
2554
1163
1036
7633
551
1503
252
8955
4027
9538
6715
6607
2437
6112
1097
5538
8583
728
8003
1097
2083
6693
8669
1259
7408
2846
480
4873
8786
9067
8836
3612
2265
825
8226
5389
1272
4863
7123
9067
1673
5570
1725
3736
6767
6006
976
5813
3500
5286
7275
3375
1396
4581
9973
9114
8705
3446
1385
1054
2985
1050
5216
6079
7661
5544
5605
4353
5811
8465
3270
906
2710
9092
3591
8474
1596
4415
2043
7850
985
9192
725
2609
6291
3435
6315
1885
5157
5029
4461
6608
5415
2672
1813
5400
1678
239
5983
8755
1808
5885
2762
1522
9723
1617
8736
9118
1926
1141
3091
697
3160
9815
7208
4887
6247
239
2168
8812
3844
1778
261
2983
3766
759
9738
3663
84
4728
1494
5917
3351
283
3242
5739
2590
6161
8000
9195
3668
1102
319
8411
2207
6027
3837
2599
2730
1561
7716
5840
214
2775
6520
251
7709
2789
279
7965
1479
8633
4226
1158
3744
9938
6364
9995
9561
7244
7088
857
4717
1572
1800
3895
5912
2668
8747
8459
8115
160
9478
6063
2547
2442
303
949
7827
1363
2133
5945
2831
4780
8364
3959
2739
5484
1816
5740
3410
5354
7192
4257
6651
2173
4085
597
4889
3313
3867
410
9531
78
1383
7587
6419
5636
2465
1773
2226
8665
332
6860
1172
3031
3580
7958
2072
8207
535
4966
8051
2482
4991
8170
3029
8722
4527
9742
2588
8580
9380
8860
3320
8777
302
9060
8543
8717
3815
6345
2689
7535
2851
2204
9134
9218
3337
6493
7159
8980
9793
8511
227
2125
9262
1068
9395
5546
6190
8633
5288
9515
6495
74
2275
6073
2212
7977
2925
9549
7257
7987
7448
3164
7843
2323
3878
2375
6588
9828
8168
6563
4269
4993
9514
979
1500
8351
2205
3167
6777
7886
4869
1439
211
2779
5636
6904
7729
4074
4710
9195
1182
6946
9487
330
2564
5337
2002
1340
6076
5154
8948
9299
8820
3571
5552
2780
6994
5116
9899
4455
5865
8661
6043
1176
1017
8168
1860
8557
3180
1471
6339
8528
7774
399
5470
9999
8909
2677
6331
923
1106
9359
2561
6190
7405
2254
6348
0
2056
7850
133
4635
3205
2663
9121
8749
5961
3287
1385
8975
8461
6529
3082
1620
4707
9680
1277
4420
1718
1855
6362
4666
933
3491
4056
8586
6929
6825
9976
8310
1253
5506
2548
6819
422
4907
8945
3992
346
418
1100
2919
9182
4455
8581
4047
6210
5823
9237
2033
7704
5391
8885
7617
6910
2759
9394
192
6168
3612
7340
424
2945
3962
4926
935
2083
3722
7027
4399
501
8769
1574
5805
2820
5465
3770
7353
4774
9556
6428
8093
5451
7421
3526
8026
3108
370
9285
5368
1305
2255
4942
7788
6517
6028
2572
5870
9093
747
6637
43
6545
1706
894
5401
1498
8624
7955
121
3909
2998
3611
8514
9254
1554
8276
3948
161
2620
3659
8057
3164
8475
4887
5051
2377
5904
7239
9026
5299
5398
9416
5892
4087
2295
5291
1826
1973
3539
3271
4137
919
3501
763
6022
2514
8550
1190
9406
4186
3806
3355
7325
9978
5767
6575
6669
9188
3021
4357
6761
9190
3171
2604
2258
2527
528
8519
5858
6720
362
1917
5455
1365
4273
1538
6770
3270
8639
390
1625
5097
9614
9501
7354
1851
940
7774
4761
9407
971
4111
9484
1126
107
6274
7116
2288
555
777
7855
1777
2557
4463
6100
9063
9291
9882
6494
2507
903
2363
4869
6598
8199
8600
7449
4598
1344
9085
4024
3746
7506
3134
5490
7178
5557
7792
2716
7586
3458
3177
3298
6128
1365
1540
6832
1620
5617
7881
6050
7544
4965
6429
4906
7880
9102
1910
2034
372
3181
3938
9587
9476
2842
7273
3733
6987
9417
2895
40
5358
5548
7118
8323
3399
2409
6612
5450
3205
8318
9609
4181
1414
994
4740
7935
1928
1565
5438
3421
8733
4891
5831
8080
6589
1356
3287
9979
5904
4896
2920
4345
4636
1762
2146
3113
4619
8018
8743
188
705
6615
5585
9217
6253
5237
2280
7198
2750
4523
568
737
6648
6528
6626
407
1638
7120
994
7886
8386
5745
9265
4086
7171
9499
2556
1278
9926
4903
2597
9084
2033
3894
8313
140
4372
4486
9633
4669
5377
8305
6204
999
1261
5926
1021
674
2199
2828
2817
3460
1832
1796
6164
1993
5740
7551
9092
8776
5168
4784
7366
7843
1660
3234
3976
2751
9956
6077
4679
1061
5865
5702
7698
1880
8821
8692
3775
7255
1335
1946
1468
3366
9979
658
3448
3992
9678
7174
8947
3920
5297
5461
6147
9209
2315
7412
6280
3505
7364
7891
6435
5821
1295
3666
6850
7866
5752
2051
8015
4496
1439
3793
571
1083
2275
3250
3781
5821
3810
3785
1295
2910
2672
2511
9330
7429
4982
595
4304
6748
2829
6655
3979
9903
7003
1613
7445
1333
349
8234
4167
1011
390
2922
8502
749
7271
6572
2658
3646
6752
5263
1761
4297
9829
357
2908
2721
4436
6647
7416
870
2758
6873
1992
225
2116
4816
9713
7011
3853
5553
1022
1385
7093
2508
4549
1618
6463
5400
1177
7907
8143
8112
7953
4523
8409
8431
8474
4035
9246
1896
3128
7689
2664
3594
9683
7981
4019
9314
335
282
6607
97
204
4473
1475
959
5520
9763
7685
7823
7729
550
8647
1301
5624
9610
7460
5014
2146
4596
3467
8527
9241
1371
6539
7945
2930
3097
6656
7003
7976
8883
6364
6800
3401
9565
7257
843
1903
4680
1710
2472
1842
3950
4417
725
3580
3471
8973
6161
3950
828
4948
6723
1697
8436
9174
1598
2143
4238
9458
5012
4978
7366
8283
8377
669
5755
6415
8889
7866
8217
6725
4060
3108
3058
933
1976
6007
7906
1277
8472
3972
6195
9792
8061
5657
6062
1073
4002
3328
1571
2881
4628
1207
6475
4933
5313
2128
8108
1948
4288
2330
1805
16
5074
3952
6027
1930
9271
4607
1531
5643
7396
2366
128
7896
3811
3801
8239
7381
8988
8095
8466
3942
1299
4670
3770
754
2482
730
7656
7881
392
3429
302
9047
6850
2396
6977
6633
2057
1998
3617
5216
6156
7651
8029
180
2175
6954
6849
5114
7092
8115
5329
2377
2938
5358
4698
361
4227
5028
2471
9261
250
2981
5378
5923
5732
3761
4299
826
6710
8315
8558
547
8520
5642
9568
8587
5513
690
4426
4231
3235
660
8537
7249
4384
8017
9829
243
6508
6404
1056
4929
8301
7552
9362
2924
1377
7271
7891
1316
3767
4606
328
9597
4337
3293
5922
3317
8647
7035
7555
1029
7344
5833
8738
343
1869
2766
4849
4295
294
1843
1725
1980
1449
1856
4165
1433
2288
3911
3615
5935
7923
1134
792
2198
3998
4851
4235
8363
7795
1692
6243
7516
5427
6572
9780
2
1321
2781
5031
6590
2632
5626
5988
8535
3527
891
9589
243
9209
1335
6072
8004
9106
2917
9702
8357
1207
164
3154
3205
1637
652
84
4803
4036
1412
9782
5595
1133
9382
6302
303
6650
399
6862
970
2526
571
7784
1089
1733
6193
6902
171
8636
3114
3625
2722
7444
1912
65
9419
243
5285
3788
4178
3036
6185
2834
4745
1088
5873
9712
6019
7717
4412
6099
2220
8902
6023
8792
2044
9995
9035
5409
5035
7530
2405
9787
4583
270
1143
8318
8531
6151
4478
2724
8802
66
627
7294
6101
667
2006
3123
7266
48
439
4186
710
1736
1591
7771
4123
7443
7711
3473
61
963
5150
530
633
3324
3433
1074
5864
8824
799
6308
2011
4383
9003
7491
2103
3509
2285
7824
3907
1171
7930
5885
4191
8107
6371
6698
215
8070
1204
3405
2664
6576
7694
551
2211
2487
2727
1925
528
1887
6031
148
9012
7482
3943
9257
678
5718
9358
4687
8750
3623
5324
1922
368
951
4834
3740
616
9179
3025
1790
1285
632
59
6898
8059
2485
8567
5966
2659
8659
1176
3900
5190
6939
5376
7159
6315
4790
3393
2472
3709
4323
2197
1762
3504
1204
1742
3883
3029
8618
5056
1180
6460
163
4254
7275
1561
1360
562
9799
650
3852
9217
643
569
6410
7135
4503
4525
7918
1006
9523
3637
9663
6493
9141
8888
8427
2767
7229
9798
4780
2008
8399
5908
2521
8735
1737
742
4928
1153
1526
3917
178
1283
3042
7043
1792
4810
1631
6309
1989
2494
7607
8033
2115
7916
995
5599
4643
8331
1771
5141
7671
8657
9007
9445
5827
1175
9925
6570
2315
8378
5220
2899
8974
1556
1649
6687
3364
5130
3784
9226
819
135
5309
8263
3000
7306
1299
5438
6037
9771
621
8983
6774
915
1763
6840
2360
1228
2136
6348
8731
3111
6457
1829
1271
9597
9368
8979
6414
4888
1546
9093
6849
5427
6333
3103
8645
5567
9998
9533
8487
3175
3707
4823
414
1990
5236
9957
3024
2232
1015
7557
7160
9054
6781
3195
2262
6950
1455
2504
6775
6475
8700
2750
518
9080
5039
8738
8691
1971
3005
4499
2035
1079
9916
1867
233
7922
1195
611
9492
3969
9869
7852
1128
5513
4775
507
2369
9912
3821
1557
9126
5114
2232
5292
6426
8256
5371
8760
6089
5854
3270
745
3649
5236
6650
3963
1182
352
141
5483
9291
977
3281
3994
5781
4623
4993
1072
642
5689
1963
6771
3155
8863
1700
1143
566
3794
9160
1400
7103
6616
6945
9702
5527
1076
7499
6832
453
9286
9621
5669
2413
1471
4794
150
8502
5815
7953
7680
8593
3475
2033
8953
7398
8609
4329
4681
4161
6821
5055
3995
5773
4793
4456
1059
5727
1553
8408
834
9623
6493
378
7128
5779
8418
2001
665
9988
2427
8448
6916
1892
1676
4231
6320
5400
840
4383
2375
2595
6611
665
2360
4988
5450
4961
8295
7537
7761
4905
2040
2507
4877
1891
1308
3235
2932
5918
1755
9782
2322
5
9155
3141
2382
7717
1727
9552
2108
4862
652
5413
1651
2107
1416
2643
4785
3589
3147
8403
5550
5941
2859
7305
2943
5145
5146
5560
6412
4377
7043
5204
4500
4890
262
7404
9663
2930
2671
2791
4565
7501
5261
4621
7949
4464
7954
5482
9064
2508
1143
2703
9983
4518
3106
8922
9257
8164
7674
455
5634
3098
4794
1351
2489
6869
5428
1135
9577
6504
4056
5828
5963
6
213
3622
9657
6863
4479
8026
7381
4318
6066
8973
9803
7058
2774
9413
2453
3868
7875
2554
430
8456
679
7701
953
5680
9798
488
6323
9117
5425
8223
1350
7119
7770
1045
143
9087
9830
8106
4434
8659
8260
979
8508
2338
3726
306
2298
520
6830
3416
3240
8108
7779
440
1852
8097
5075
5774
4389
2106
3731
4544
6910
9553
6757
1380
295
6041
5793
6866
4982
1138
8023
6651
505
1486
8003
4746
3087
4050
5570
4298
2328
8670
8277
136
8283
1329
6756
9770
1943
1926
3333
8208
6123
3988
1485
7114
1913
2213
6021
5995
2152
1636
512
2540
2186
3517
6749
884
254
4656
1688
614
5799
806
70
7900
636
9623
5825
9411
8065
7387
464
3174
8069
4143
58
2127
6014
9979
1580
7724
6370
3234
8074
5967
1927
7033
4051
8488
9294
4043
6568
7478
7579
5836
157
7084
2136
429
9825
8561
4891
2415
8763
1179
7429
9708
8838
7228
60
6834
942
3133
9195
3281
5147
2874
1784
4056
8637
9567
8535
2651
4313
4162
6973
199
2948
8192
4376
1001
1788
780
9933
8828
9279
37
8945
6337
742
5688
6268
2628
4450
8310
6715
5100
8891
8904
3029
659
8341
2207
1905
4119
8355
9632
806
7153
256
1201
9010
3492
5772
1021
5455
8024
7699
878
195
6727
1413
2172
535
7863
2625
5424
6154
6282
5795
3854
8919
6338
6704
5043
6164
4665
7616
9787
6812
3376
1307
2166
528
2630
2391
6699
2937
9291
7121
5374
7121
9542
5817
8270
739
2628
627
9954
4800
386
2299
9990
3620
2941
6377
5552
904
8167
4805
7448
7481
669
1661
5991
9016
9111
517
2159
307
7039
2510
2971
2965
2182
7178
808
5674
6595
5487
2389
2773
2477
9706
967
8821
1899
7414
6224
5781
5546
893
2368
8979
4879
5357
2589
164
2366
4511
5903
1942
5258
1780
4735
2102
782
4209
2466
1650
8395
9949
2064
3025
9123
3737
5673
9890
8070
47
5626
1587
3690
637
8460
6692
8048
8308
2415
4187
7796
8060
6133
6968
1366
1947
6737
667
5751
2182
3922
1429
5174
327
1627
6877
92
7743
1621
5876
356
6381
102
6411
8223
7056
2100
755
1798
5530
4773
5204
5074
3109
7977
2659
6825
202
1130
4238
3465
7392
4482
8682
3034
1410
1502
175
2191
2261
6018
6113
6622
392
2077
3939
1808
9724
6590
9447
5643
7750
6743
4633
8142
7090
3489
6573
9292
5610
5073
4614
4572
7160
5913
1833
2128
1561
8194
5440
8198
9922
8536
8083
3244
4535
4518
692
4775
8169
9396
8570
5908
4800
8718
9489
8608
6762
1655
4416
3238
179
7342
267
152
4293
1376
1289
6032
4849
3214
4185
9623
3311
7472
1249
2789
2067
3705
6023
26
6784
4909
4835
2348
9457
1633
9620
7890
4374
1155
9411
1025
2252
4490
9733
1093
8160
2030
1140
2370
7221
6922
9056
2251
7108
6353
4290
179
4723
9231
4882
8130
7145
4450
2474
7066
833
5273
4938
3370
5965
9291
2925
4595
5885
6379
6076
1482
9153
2123
1921
4957
9259
2991
8303
5066
8712
99
5104
2684
576
8463
2287
2230
2923
1802
1095
1749
983
1661
9259
1170
5832
1369
6616
9317
4239
651
1800
9680
3151
6671
3384
1659
8955
2868
7469
1323
6547
559
5266
2697
641
7617
4388
368
3279
4909
3362
1511
3836
8901
5391
8912
9295
4084
3051
7375
650
6562
5633
15
5362
6547
34
6530
1710
1313
465
5784
8367
4811
1104
4962
575
5150
9099
3158
1164
3107
83
8278
6263
3945
47
2956
5464
1061
1246
1609
7557
2839
5743
5551
3715
7854
7285
7675
7564
3631
8501
6407
1873
8562
2626
7646
7906
3901
5467
7186
2251
965
1283
1866
4241
5986
2769
1168
1710
8387
4969
4443
3113
2594
2059
6391
2698
857
2538
3854
3964
3972
6688
5425
6868
7209
1824
5735
337
8950
8140
2234
4308
9978
4504
9981
1154
295
398
7378
1959
774
4436
8956
7342
1179
2875
305
2286
9978
2409
6178
231
1499
1898
3806
334
5850
1602
9331
212
4226
6294
5126
590
266
5435
9910
5025
8224
8143
9692
92
8166
6311
2277
9370
5563
2089
403
1784
2107
7195
881
3092
8681
2139
1253
6887
972
7920
6427
4517
8663
241
1424
8146
2718
1749
4060
6822
6134
4042
9412
9316
1900
3706
494
6808
7721
891
1926
3215
1060
1942
9313
9452
4072
5483
1744
5560
1527
9346
135
7641
2816
357
2654
6743
8541
7564
2728
1083
9232
8969
7651
3864
3007
7253
3743
830
5709
6075
5458
2396
2043
8148
715
8087
6767
5602
9685
7481
3396
1968
383
8619
9474
9850
4618
8245
2480
1754
8562
3589
502
3858
3184
3455
2216
5729
48
8325
5360
2799
9247
8935
2730
987
1143
5180
3639
9000
9293
2033
6618
5555
3290
3889
3047
296
9082
7238
7901
6869
2098
927
6241
783
4597
7138
4413
2660
2552
8052
8585
3521
1348
7927
4953
389
7308
1555
406
2245
7984
6856
930
7393
1794
7299
182
567
2087
2096
2334
4679
687
8158
6056
9111
3672
6681
1416
5255
2288
3412
608
6296
250
1029
3006
2728
8276
2677
566
273
1910
3384
2994
148
6717
4570
1911
7903
104
4987
1306
631
5107
6685
99
1042
6466
7643
9201
5475
4336
5212
1661
4779
1482
8152
2579
830
997
6954
3695
8085
7031
4071
6404
4002
1236
1598
8739
9609
2183
3568
8970
460
8484
8082
4603
9911
5003
6608
1742
8958
2736
8901
6361
2692
6537
7464
6287
6734
4776
9129
7144
9047
4202
9629
8912
5589
6415
3382
17
5819
5034
2054
6405
5280
3531
4101
806
816
2811
3954
6105
562
2808
102
8796
6586
5650
927
1979
1696
4037
6891
1577
1056
6856
1795
732
7987
5669
635
1178
2271
5178
151
4387
3722
6384
2831
6031
2756
4922
5542
7354
4358
6063
6312
4668
1381
3324
4291
590
8956
2788
2567
970
3145
8857
8864
6242
6262
4768
3172
9892
299
2335
1352
6157
8098
9994
8072
3675
4795
9567
3799
4711
865
831
2435
4691
2061
30
8796
6592
2666
1228
358
9844
7176
1109
4622
6745
9157
2902
5450
2681
1305
4961
2947
809
9936
5203
9959
2148
6061
2019
6634
1562
5357
3326
5246
5656
6442
2209
2243
314
8962
838
4640
1565
2311
7716
1106
474
168
3312
4868
9376
6751
5784
4944
2674
2748
7969
4341
8705
1283
3518
8522
986
1249
4885
4466
7667
7940
8877
5152
1778
5964
2059
4428
8976
8845
7053
2454
8124
934
9894
699
4818
9239
6267
6679
3005
958
9373
6170
8378
3555
4040
9421
5760
9477
1963
4454
1373
2804
1178
7370
706
2704
3841
6147
2066
7138
3465
9986
9015
6153
1663
4087
5462
1432
6611
2974
4452
6511
2847
7804
6744
502
601
3083
51
1889
7834
8675
5197
7344
8368
4234
3746
5734
4096
860
7533
381
8336
7118
4932
5896
7221
1887
4
8826
2984
5216
4894
5029
9710
1782
994
8116
7880
4286
7723
621
4728
3536
1948
6241
1830
7639
8937
2519
7554
1504
9224
1832
3482
2752
4585
4988
5822
7291
1525
9748
1362
275
3603
8585
868
6974
7793
5222
7599
8827
2336
417
6159
86
1136
4240
5525
2202
9551
2505
6829
6726
460
8650
4991
4051
3616
4699
1843
3669
2576
8128
5385
6048
9548
1236
647
7965
2651
6242
2980
3532
4379
6309
9061
1244
6659
4451
9381
1866
252
4357
9659
1511
8944
2523
7686
7501
1825
8286
3708
1794
4557
7957
5732
4222
8624
6252
7424
1210
7162
5666
3216
3481
5731
7009
9954
2875
7421
4516
9294
6064
5401
420
594
1018
1852
7971
7897
2310
1475
2685
1569
4317
2180
1596
1820
7509
887
587
231
573
7926
3580
9002
314
737
3214
3248
2715
8404
3209
5432
8019
6285
5021
3146
5048
5208
650
686
7016
8990
1280
1321
4060
7934
1467
1801
9647
6090
3175
5988
1792
7621
138
7004
8390
667
6530
8469
371
7906
2140
3930
1981
1120
1703
2109
3577
1117
745
7086
104
7722
7744
590
5719
386
59
5331
2626
3680
9402
8430
3545
9473
3859
8156
1397
955
6087
4731
1164
9230
2980
5198
7683
7819
460
5697
5684
3922
9574
5168
9393
7952
1123
3814
6935
8648
3764
5266
9462
7265
6634
1951
848
7249
6095
2131
8512
2265
4691
1800
3981
4529
233
5610
1423
8452
3267
1712
3394
9584
5754
6206
3720
6887
5219
5018
1684
2377
3502
1502
6964
7382
8689
525
4430
798
5493
4569
2703
8347
1600
9029
8959
9266
6771
3047
521
9254
3011
5840
7834
1837
6269
2974
7416
4199
278
4418
4117
7308
5794
2670
196
1494
5830
8785
4123
3279
9071
5382
5193
3723
820
6425
7034
3913
5529
1356
3320
1686
102
6122
309
7731
5400
2522
8599
953
5766
9045
8563
6954
9990
6139
781
9529
7537
947
2702
2860
9444
3218
999
1536
41
3582
2085
7791
5045
1427
3653
5838
8627
8485
6762
2090
1329
2328
9181
2372
3130
1053
8453
905
8276
2477
295
39
5274
1882
6511
9325
9292
5460
6160
7395
3398
5210
8168
7994
1150
114
4680
7029
1890
5675
546
1352
1234
6912
6563
1680
4729
7712
164
9299
1202
4828
2412
4041
4185
3280
3144
1931
4127
8229
2205
1067
9778
3910
8444
7701
813
7474
2280
1972
6875
6626
6885
1431
8962
2300
1937
725
4909
6951
6407
5584
9386
3999
9057
9478
1398
251
6526
7085
2294
1917
9989
2016
1751
4634
3481
629
3832
3371
6125
7074
8086
7091
3946
5391
5656
2178
286
1052
2765
3514
5607
982
6275
608
4881
1223
7721
1956
5228
3436
3271
7348
5857
3867
1100
7454
1254
1044
4536
3637
2448
5671
940
710
1769
5766
5294
5580
2083
1132
2769
32
8060
2799
5381
2933
6626
1074
1482
979
3528
2943
8299
5154
4409
7171
1593
7562
1612
3753
3925
72
7433
8027
5603
707
2268
3942
7451
1968
1591
9134
9681
1491
5933
4418
4119
1831
6524
4993
9154
2256
9274
3646
9754
1934
2340
2176
7910
2501
114
5180
4760
1515
2127
1335
5924
3730
296
9078
4535
9543
4099
1849
9173
3529
7106
1464
1667
8590
5064
4172
1959
5842
6027
4129
2845
258
763
8826
2251
7704
8657
3990
8167
7
1995
9714
4967
6010
2584
9183
1786
776
3151
4069
1669
1371
5797
8408
8336
8769
2062
5658
7570
4146
9219
753
2842
6964
1189
5690
496
955
6545
2158
876
9092
133
6980
2245
3364
6034
7272
7276
4109
1618
4746
8506
5361
6395
3034
1734
6666
53
4499
108
7465
1689
8725
3387
7629
6779
9335
4974
694
3257
508
2445
1050
9588
8342
4788
7800
3886
2441
4677
2252
9556
4225
5770
963
703
902
3373
2543
8134
7135
8443
5676
5382
1029
5414
6564
5556
2185
2763
6641
2914
7641
9732
5201
7200
1471
5006
8142
7861
7098
493
3886
9118
5313
8766
8760
2391
3653
3757
6473
888
9703
2361
2086
721
3962
997
6819
1033
1897
9088
243
1507
2700
727
1296
834
3735
2826
8334
8783
1428
1292
9195
712
7747
942
7226
5307
702
63
3424
6692
9730
6397
1278
4467
7130
3967
5712
7745
3054
9462
1461
2437
5373
720
593
9378
1127
7391
207
9347
8926
4778
4331
3001
8189
8803
1647
7940
7546
3993
3708
7713
9976
5998
9563
787
688
7596
6532
1253
1633
7539
9215
2047
6965
3366
5850
2743
2102
5991
5178
7961
1936
3184
9717
1210
233
6995
7968
650
223
5620
2532
1608
4593
4134
1766
4026
865
1379
1303
8141
8840
4497
3705
250
3787
5153
1332
1866
2044
8969
5320
2139
5043
7108
4515
515
1631
2152
7253
3972
8087
7849
7681
2593
198
7452
1671
400
1671
4254
3553
6016
4509
5190
4091
5437
2695
2633
38
1474
497
2045
5054
9567
1678
9983
6619
955
2597
4585
2917
3083
1034
878
140
3139
4798
9048
1574
3532
7657
6916
5546
6279
935
924
812
2337
6625
5190
8170
9016
2238
5691
3927
7037
5818
842
2662
2522
7509
4893
3498
3334
5038
8813
6859
1206
8866
4002
5499
1687
9456
8429
1049
5817
111
4986
7734
8622
1826
3344
1734
1267
666
9595
1066
7054
1981
3244
8012
1769
7670
9054
9882
9182
1085
284
1830
6852
4265
3842
1517
7768
1011
689
2567
5311
2652
9880
8303
3835
9553
4911
2707
3260
1646
7125
9022
8457
769
7420
5076
6272
1313
7795
3614
2490
6239
2293
7783
2850
5323
9312
5589
7624
6810
8425
1340
9233
4406
1789
3856
2161
2679
539
6265
1051
2433
9169
7164
263
7789
8132
6696
1862
9133
8292
5822
8067
3642
4671
3412
5771
528
372
6027
6206
1885
1963
112
4774
2614
8883
848
7959
1850
6476
7392
6183
2747
1991
5516
1664
266
2971
2750
5396
450
2473
2753
4289
1448
81
8918
437
8065
3430
9031
8643
4581
8928
7595
1222
9747
8545
857
7462
8260
1803
4272
2297
6468
2143
6454
955
7663
664
6319
7521
7048
7642
1313
8011
6656
1253
3237
5464
277
6879
3153
9166
6553
848
9540
586
4133
1839
2273
7077
6413
8430
9360
5752
9941
9858
4705
3841
1060
4469
1987
7142
7640
4159
2452
2425
4043
2050
6809
3261
9205
21
2064
4952
7233
1012
2132
5898
2100
4581
6914
5085
4123
1102
5545
3933
8133
9046
2887
3433
9314
6009
1378
6955
7865
528
7779
901
1696
864
1578
8956
1047
2449
94
585
7670
6610
5828
6749
1369
9036
1714
9941
2520
5700
8292
8015
1244
1140
8734
3020
1823
9740
3779
5143
7524
5
9558
6980
8247
4455
9919
4236
1701
1900
2849
6984
8383
2132
2585
988
3819
1146
425
1974
7740
7094
3494
199
867
1253
9567
2226
1302
182
8287
6450
8880
6758
1333
545
8408
5183
6786
4582
6759
8092
4898
8014
4276
4896
3102
1950
6562
1608
225
8920
301
6830
1322
941
1057
3711
3362
3618
6540
5759
4431
3877
8357
2476
2839
4418
7436
5472
7561
8193
3203
7195
4856
4946
5262
7824
6810
2300
871
7566
5104
5922
197
3747
7911
4488
7262
9292
447
1636
1339
3888
1544
1448
6539
9757
6166
6063
1130
578
1901
9830
483
128
1997
925
1796
9435
1876
190
2177
9845
2480
2765
1804
9516
3668
6112
7395
7987
6269
3665
8346
3119
2165
6978
9243
5955
216
7585
1371
8590
2661
2508
9438
1490
711
9270
5950
5545
5205
331
2840
6787
3815
1104
8968
1411
2202
9343
759
1771
8629
3425
7985
373
333
3772
3676
2100
86
8496
5045
8730
5275
5804
3373
9563
4976
9638
2037
3105
7973
155
453
7650
6766
8308
9923
2303
4161
8730
1890
6302
3215
347
3993
1563
8823
1694
1206
8442
7688
179
7890
1983
69
2014
9751
2914
9422
165
447
6365
7324
3656
8463
3672
3036
8081
2372
2360
6161
2620
3949
9219
835
7432
6185
2039
9148
8862
1202
4443
53
9731
6186
470
7180
9993
5732
8255
8265
8090
4887
5172
1905
5847
5550
2543
7755
7070
1172
7350
785
7610
5326
4610
1881
8928
9385
1682
7092
4423
8887
1553
4871
5047
9523
9141
9944
6854
2637
4282
843
5294
9602
2206
6334
3
7323
1166
5633
1027
650
1409
426
1327
3040
5779
4632
9882
7266
3205
1639
5775
1949
2131
9412
5272
2503
5782
8737
3500
1480
8907
7146
6600
9386
5747
2265
3185
781
8429
6503
1417
1214
5969
7909
7953
6568
2478
5258
3822
1275
7687
8813
6879
2236
521
3301
8653
1342
8240
7134
1860
208
9258
3984
3169
7878
6908
7323
716
5388
4132
5317
504
9352
830
7560
4393
5088
6443
2277
3381
6172
6271
7837
9950
6829
5818
9586
5311
2798
9962
217
6581
922
6143
1587
9104
3726
6863
2332
1706
7537
2826
4915
4567
6561
3089
7979
4110
9167
3090
1026
5831
30
2935
2208
5461
1431
2496
5362
8310
8641
2766
1800
4408
8192
5122
1467
3150
8891
2389
7924
755
7778
5513
7721
687
5952
8208
968
8824
9069
5356
8569
1387
4232
7254
1390
7675
1443
5314
1151
2585
9486
2995
9972
7572
7977
5436
6866
8691
1412
8631
698
1793
3594
9640
4046
1655
2877
7252
2597
8513
1987
1551
7713
9370
7938
1636
3583
4649
1960
2713
9823
480
9262
8129
8789
9330
8701
8307
2303
3750
9874
2491
3223
4233
4926
7408
6555
2136
4305
5814
444
2478
4808
276
228
9275
3620
4089
6795
9926
9470
6811
3835
1749
6904
2944
1043
3962
2949
1408
185
6527
3403
7546
2339
5749
3112
9159
5800
1434
9443
620
2515
2746
5813
1044
7464
2471
2599
9917
3929
843
2925
17
6299
781
196
3352
1029
9539
232
8860
3577
9863
1673
9133
6390
3341
1951
5526
4685
9028
6347
1232
6627
7899
5744
5349
3126
501
1202
24
467
2992
8206
115
2679
3843
4698
9793
1780
9622
9758
6765
5127
8470
3204
6491
4152
6729
6635
5285
1234
3503
6386
40
3795
4777
2275
1137
1574
9550
6302
6450
2319
5756
5352
5177
6326
141
2051
1075
7832
1562
2128
7677
9835
7235
1522
3387
4209
2192
4821
1965
8590
9154
8703
6734
9309
8477
7238
5566
1215
442
3618
5763
9670
2312
4099
1420
178
7987
7206
8838
2457
6504
5941
6130
588
5687
6237
4727
1112
4266
8324
2772
5018
6613
2986
2137
7191
655
2159
7782
9419
8640
9414
131
1440
8555
1112
9810
2289
1406
7356
7555
7663
3847
5653
7574
5396
762
268
2710
5382
5744
3120
9668
1134
6690
540
7137
4666
1222
2728
7840
4832
9785
498
4555
8052
6942
7214
7765
8604
7990
4075
7296
4193
1248
8185
2208
153
1267
1544
5136
1811
8746
3186
8291
5442
367
4908
989
1534
8347
4328
548
2295
4156
1455
2401
5900
952
5693
1915
187
8274
6717
8198
7065
2923
152
9448
4804
3418
2376
2636
6695
8111
5585
3499
8798
4964
8482
4711
2491
6757
9272
9930
696
6674
8484
4335
2878
5090
3998
5342
453
203
2410
8766
7261
1343
6794
2390
5485
6376
7316
1444
9529
2472
8149
2130
7177
3514
1430
8758
2040
9437
9567
8153
2347
6898
5561
6619
8387
2116
3736
3109
5172
6360
4360
2030
4502
7237
1351
6114
7915
5637
4228
623
1315
1484
1799
9170
1677
8153
4465
2578
3423
7627
8613
443
9143
1797
4439
1119
562
3045
1747
3959
766
1202
9089
4928
12
5124
2920
9380
168
4104
7057
2070
91
5828
990
2658
8512
8424
9914
3987
3078
6358
2274
167
870
8515
5717
9761
3509
990
3496
1390
6012
9360
3661
1690
9286
549
1364
8468
970
7626
7522
511
4330
7207
498
6010
9019
4047
2346
1938
7254
1686
7807
9910
6894
531
539
75
5603
9014
9678
9809
2038
7339
8450
9382
5486
79
9636
7802
5866
1154
6192
739
6776
8350
3100
162
6886
3848
5175
7141
2631
3460
7699
7006
7240
7038
594
2420
3955
6742
6845
8376
2323
4587
4378
3435
4346
1307
8687
6558
6592
7049
8642
1450
6140
3009
8498
2498
920
6825
9596
8677
160
4248
3063
2472
4283
9099
8113
9987
4414
2053
2317
9931
6541
2423
2908
9345
2035
80
861
360
6163
5079
6528
333
5408
5959
559
1314
7818
9386
7342
1227
6763
3177
241
6540
5521
2419
4176
1570
4332
3852
2039
9298
5642
4039
4353
2672
1761
6039
5430
4049
1021
2419
2050
4514
6298
3001
7304
5194
3861
7044
1767
9533
6398
400
6971
5891
800
7341
2103
6024
4260
4834
8882
517
4003
5573
6800
112
9931
9848
1363
1679
2724
2581
7953
114
9267
8190
9223
3634
5983
1022
8462
3940
6226
9860
7917
9187
5090
7154
9599
7805
4560
5952
8183
1309
8352
5030
6113
8425
7227
426
7323
988
2417
327
5828
7158
739
9375
3731
5346
704
1649
9099
4857
4911
5454
205
1542
4013
1481
3839
4201
8790
9182
9436
1376
7769
7829
9772
1667
295
486
598
7230
6364
3982
5043
2965
6946
2659
2404
8258
2434
3893
5895
3827
2620
3174
5125
4514
7241
8427
6384
5333
2015
291
6299
6871
6453
4024
7498
566
56
3763
6477
3807
1485
4821
2743
454
1783
3475
6515
2283
7932
5665
9913
4153
2723
7267
893
7185
640
6896
8264
9687
5267
536
7660
5930
6494
1079
626
4842
630
2250
6103
8869
4284
5986
7686
5379
3420
4438
1495
5475
1845
6750
4457
5813
8394
238
9883
4010
4120
4271
4898
280
6618
7732
8262
3138
5098
1099
8269
887
3177
1730
8620
9786
3616
5261
875
6323
7063
3029
5240
8948
8406
8803
1679
542
6010
8382
9705
6964
1019
7041
6707
1264
108
7952
849
6757
6290
6364
81
4086
4824
6244
4564
4837
1762
3375
4923
7470
5585
6680
7039
9188
2503
6425
4276
8444
683
3483
3822
1705
7023
9101
4661
6856
2976
8291
2325
2573
286
5489
1801
9261
1436
856
8632
9822
7818
2927
7456
5835
1666
9382
8643
205
5839
6088
5487
5223
9029
6655
6467
8640
4637
1756
1343
4102
5039
6870
986
7281
1349
2803
4170
229
381
7189
752
4221
8768
8391
2177
1268
8417
3384
3196
6917
6312
4439
4633
6647
9167
4496
7727
6321
5324
949
1577
5652
6545
2833
7593
2328
7169
4505
9550
7479
531
9588
2242
9498
3947
7180
6103
6448
8760
7493
6307
1766
5864
7230
8809
4084
7955
4630
154
3588
1830
33
3500
6984
2014
9115
2602
7308
2248
1436
8076
490
1190
6188
4120
8029
581
5816
1257
6888
3277
3238
7743
2567
7096
390
8423
1734
983
5706
461
193
321
7000
6863
3644
9165
1372
5091
4868
1747
4611
428
5413
4238
1686
1561
6942
8244
6531
8511
6466
5129
8707
4200
192
2192
7255
9963
6629
2580
2932
590
2336
6550
4481
890
2310
2760
4590
2142
3032
3178
6919
598
2930
1986
3497
9437
2581
4401
5125
2049
3591
676
243
4839
6425
3992
3032
4926
5865
1346
1467
5575
3737
4157
5284
9189
1424
757
2006
6690
4576
9172
8656
8659
4856
3787
5598
2317
4970
6100
3109
1064
575
2245
750
7442
9498
7688
338
6423
442
9080
1336
1216
6260
9134
1322
4841
8865
925
7887
9672
1492
4715
7525
9691
7535
9425
220
6160
6117
1045
3867
3595
1491
6438
3085
2260
9627
823
1964
9807
353
9088
6978
1936
9290
5361
7451
2542
8737
1464
4751
647
9452
5445
334
4852
5678
5724
621
6623
7247
3755
8192
8226
7081
1357
2200
6466
3476
1598
2575
6508
2260
1712
466
4623
5889
9069
399
4762
1816
9310
1678
1639
8880
3819
2372
1384
9599
8244
1078
9056
3262
2175
8748
4086
2618
1075
8534
4166
2461
2261
8707
6808
125
4961
1055
325
5571
1611
1532
55
3406
8438
3237
6064
1112
2949
2495
8766
9673
8512
9665
2973
1052
3834
1142
3614
6207
3936
3552
6391
3374
1252
2607
459
7970
3883
98
7019
9830
6691
7933
7516
7179
8794
7788
5339
5004
1067
5271
863
9108
9562
2710
4814
9487
1377
87
9794
4319
8716
9741
1101
6064
3827
2859
1595
957
5029
1666
2376
9380
5901
7480
4017
2407
6288
1946
3967
325
3220
1603
3777
6713
8696
2028
713
5585
5343
470
1691
3489
3998
3382
3185
8521
3129
993
6594
1541
921
3625
8228
8611
5953
6534
5279
2890
6641
8888
7220
6057
650
5339
9694
4126
6418
4300
3736
3880
3083
1820
3376
8623
4336
6243
4458
722
191
406
3447
545
45
7628
6104
6669
5910
558
2029
6332
3236
7277
6227
3170
8643
4968
4110
5820
4738
3390
1107
2590
5372
8304
3305
9152
248
6651
6432
1860
5629
4677
2387
6091
698
821
4458
3609
2725
2424
6612
7734
6499
6802
7347
9078
3144
3618
296
1867
7167
2489
6976
4682
5339
4267
9407
2876
9295
1190
4780
341
2411
6484
5261
7434
1608
4140
5909
7006
167
2414
6378
4926
5588
3710
1100
415
5217
1824
3140
2404
3184
3045
729
4036
8464
3157
5688
5963
2237
7470
4869
8255
9697
1451
8925
1126
5775
2312
5534
5350
5425
8213
1993
1342
8400
6970
2167
259
5509
1994
7002
3165
9310
4763
7605
3748
2579
4133
5007
1876
1337
1352
6227
2441
5158
7075
3547
6551
4934
2786
9807
9112
814
6616
7433
6012
1567
2110
7691
3676
5326
2250
7859
2720
5265
3907
845
1666
1708
9923
2457
6914
3132
8031
8079
3418
8196
8260
8144
1461
9559
5106
7663
5212
2693
7357
7216
8034
3225
8449
1744
2177
8322
1510
9462
2467
9505
2228
9544
9318
8386
1737
4752
2970
4591
5417
3808
924
6721
1781
6739
6440
8856
8767
9431
2554
3613
4812
1944
9334
3014
5259
7023
954
506
9942
1643
9408
4757
5271
798
7448
1342
4349
843
4773
2488
5214
2030
6678
7606
126
6669
2136
9074
2593
669
954
8479
5230
9993
7442
3773
3910
6991
2718
3006
4051
2010
3374
2487
2371
327
480
4424
1015
8530
5419
4032
7383
7217
6080
1771
2121
8581
4797
4125
3665
5564
517
9011
7803
3049
2717
2616
1255
968
3863
373
7749
1484
4260
125
2817
6316
3126
5528
8560
8926
2532
3470
1212
9074
6514
791
6763
6435
736
7728
7319
761
6721
353
8058
8882
1119
8157
7945
738
9996
5673
5123
4297
7564
2144
3529
3876
8242
1510
2287
918
2105
1020
3172
1464
1812
8595
7695
4735
7399
9573
2682
9838
5335
0
7236
3035
5903
4980
114
7782
406
3696
2133
7991
7149
680
5842
5047
7901
505
1069
3939
2960
8400
7367
5180
2254
4232
5963
1298
6764
8082
7139
530
272
570
5680
1597
8695
6407
458
2203
1899
515
2148
7888
1407
3212
5956
3262
8925
1307
2258
9035
9523
3299
2319
709
104
1868
4487
4483
9173
3184
4634
269
194
4261
1143
9503
6718
2797
2698
6570
4964
2858
5944
8155
7098
4886
24
7184
9051
3362
6773
2264
3512
445
1409
2699
9610
791
1900
5962
7804
3543
4598
3416
2982
3930
4321
6697
4492
4941
6042
3145
3769
5341
3401
737
3814
2348
758
9637
768
167
1247
7458
553
4998
7976
2726
3165
2643
7634
720
1431
6559
7487
1258
197
7553
9477
1971
4906
7904
6257
8354
2
9395
109
8120
6747
6519
9125
374
243
5873
1415
2831
8028
9157
1914
4831
679
6951
2368
1516
6128
1135
7550
9243
2614
2690
6587
1894
910
8254
7367
5549
6264
7110
767
8875
1154
7055
2654
3306
5627
9754
422
8841
4459
1092
6911
4445
5746
2826
3119
9958
6334
2144
59
8052
5760
2020
4732
3577
8289
5759
4422
5008
9905
2924
7477
2111
5121
6812
4361
7577
1522
664
4355
2023
8429
7705
9376
6696
1172
37
7078
2662
2088
4266
8541
6988
3309
1648
8704
2981
3963
9994
3492
3941
1959
9166
2520
7486
5105
5685
8285
956
1743
8117
8407
2226
1354
2941
2277
3641
8983
3472
3310
5093
7960
7077
317
7819
9220
1726
6862
3840
6613
969
4441
2020
2672
4980
7279
735
7627
2308
9490
906
9322
3975
9642
7073
3018
1175
2373
4263
417
4834
1055
3259
9653
2729
962
3705
5597
3062
511
436
8821
194
2622
307
4278
165
546
8138
2037
1279
9601
7355
970
2454
835
268
501
8289
9145
1706
5932
6485
4192
942
5703
6574
7077
5807
6528
6048
8363
3129
469
3454
9946
4028
2688
2411
4059
6520
521
1471
2962
1623
8153
8428
6635
8827
2019
7201
5864
4347
9663
5903
1241
5240
4710
2699
9053
8372
8085
4499
1001
2821
7035
2501
1047
6407
3029
8988
8656
6016
861
4955
476
1959
8782
3583
6329
4775
7548
1265
2363
1953
7729
2921
8131
2096
874
9465
5539
6417
7252
6281
9185
962
6833
7822
5418
9290
2415
9521
9817
7306
3675
845
1304
6306
7218
265
3846
1751
968
871
3961
8452
5468
2491
5430
5230
1228
1200
6207
813
8533
2680
2780
2311
1006
1411
6973
4223
4405
4290
5967
7151
5178
1451
8397
9537
7035
3168
6057
8404
3455
6843
9771
3004
1895
7453
3881
6139
8402
968
7288
7664
112
4569
4594
7709
3529
6762
4488
9677
9007
5926
1865
85
1649
6127
2964
3451
1026
4877
6171
9460
4553
2583
1625
6162
3546
231
565
2398
5093
1641
4967
4466
3853
7940
9306
5771
6748
6108
9458
1053
5445
2183
753
9495
2202
7423
4469
9544
1199
4791
339
194
6639
9154
6218
8173
5101
8368
1041
432
6829
8218
7523
1180
9141
9440
1773
5657
302
4881
7172
677
4927
395
9436
1002
4316
9395
1703
7936
6011
5736
6587
9187
9383
4659
199
3446
8760
65
7206
3367
275
1044
5957
1925
9038
9767
3186
2608
2199
1089
1174
576
2341
4091
7668
1848
2767
7605
6178
6748
3132
118
3112
5569
827
3171
6775
6084
4867
338
1132
4253
3853
3663
5060
7749
5825
3039
5986
2407
7743
7635
1567
6931
7328
8079
9841
4280
699
6348
5967
2723
2219
8234
2756
1779
1841
266
7411
9887
1287
4859
6762
2842
7125
1123
6185
9397
8231
5729
3412
4150
3374
0
3943
5624
7670
591
4987
9395
1320
8655
4630
7837
3841
2732
7463
801
1667
256
4594
47
2330
1652
984
500
5249
1672
636
1772
6966
6661
1649
245
2828
4096
456
6694
8672
2210
9544
3295
3438
6295
2286
2691
548
8612
7656
1699
1303
8956
1837
4221
8757
3860
9792
1909
7915
597
9044
6706
9192
2546
7057
877
5441
107
3207
9877
2086
1410
7363
935
8693
2540
7312
348
9646
1529
96
1314
2887
919
3675
4224
545
9748
2119
1220
5946
4691
297
5728
1284
5218
2331
9541
6150
9721
1935
1838
6113
709
1394
2272
1558
2165
9108
800
6582
9493
8951
2566
4154
6666
1206
8800
4116
7164
3240
2506
230
1179
4309
7293
6065
3323
3112
5813
9953
7826
789
3400
8167
1588
302
1652
9335
5916
5329
968
8788
2862
5796
8917
136
3754
2707
3622
7880
148
1369
9310
7255
7090
2013
6785
5577
1702
9679
9814
4683
6349
3252
7851
4882
9575
1854
122
4929
8807
191
4698
8447
7117
9615
1609
7001
2946
4092
6825
9459
4020
2130
1256
3572
9891
2604
6517
3843
4779
4185
9439
3773
419
6594
9872
9337
853
8458
346
6845
6287
6167
1
5889
8394
4033
3497
2677
9273
1225
5169
7391
7523
3020
1281
1335
4085
1832
2959
8567
6562
8957
1432
9021
9436
807
9374
6595
1192
8236
5533
8113
6380
6753
7346
6193
6876
7314
9678
1764
966
993
647
7731
1755
6175
95
8296
143
3705
7818
6669
4482
3732
314
3989
1536
2444
2125
5402
7014
2874
2202
2903
7542
932
1367
3655
6173
5129
6863
622
6066
6845
6642
215
2930
3906
29
2269
7274
3256
8651
7053
2789
118
3916
3371
823
9081
1894
9253
4328
7004
7417
982
9733
2553
855
6251
2243
7791
4004
6747
277
485
9002
3794
2385
3165
2880
3903
8958
1005
1020
2303
9153
7130
3382
7465
8440
6549
3839
2556
7030
2667
1555
3877
1648
9879
9835
3942
6167
251
1669
467
1879
1872
2199
3870
1040
5546
4834
9446
4643
9567
9108
9755
8063
8424
401
3862
5964
1705
51
4471
1367
3774
2767
9790
9024
503
3721
5902
1377
406
5435
2174
9584
294
8706
594
470
7278
4314
7978
2513
4278
2331
7658
1894
7834
9972
8522
2011
5196
5079
7838
1477
8879
5285
1448
8029
8577
4859
7756
3656
5256
6957
7861
839
2224
9618
5030
140
4772
8592
4180
5023
1500
8730
6242
912
8293
407
4701
3933
5927
2101
249
1078
9475
9421
9947
9103
8204
8057
1576
4982
9208
1203
6350
134
8998
8496
2994
795
9074
5485
2794
598
1382
1576
4956
9427
8452
5027
6790
7818
3826
2292
208
4547
6164
7728
9215
1422
7280
6745
1419
8609
4078
918
9299
691
4671
3059
1215
2137
3104
3352
1398
9166
5103
5534
9697
713
525
1534
9247
2953
2612
9916
8203
5844
6954
7141
476
2897
263
6821
555
8450
3556
2157
1194
6167
4324
723
3939
686
9959
1097
5934
6623
4861
4962
8343
2088
5208
9874
3824
1204
4261
6
6706
6817
29
4069
8858
5713
9862
3877
5938
3537
4271
7056
4893
25
2364
3064
6327
852
143
9241
2412
3137
1112
3918
5224
8760
9534
6071
8943
4865
1774
1753
9102
4433
2675
6535
4017
2486
4280
7663
9270
790
1962
5528
546
8931
384
1355
5523
9394
3263
5007
6902
7611
5337
5081
8346
3827
711
9460
4789
4969
1943
206
757
8014
2359
3107
3977
5640
1042
2093
401
1177
2538
796
6675
6587
2072
1027
5120
8191
4640
2771
6614
4919
5576
9132
3239
9968
586
7153
9914
2355
4279
6715
9025
9230
6719
129
9594
799
399
3543
2234
1857
6554
2164
9095
9898
9371
9976
3460
4244
3161
1918
6051
6971
2588
8142
6342
7750
8416
2342
2934
2761
3159
186
4936
3178
6964
7258
1789
7859
1925
2547
3049
6807
9200
3945
1990
4504
2482
7491
7033
2441
6195
2375
8085
8880
6462
8343
8847
2862
864
1532
3602
4497
143
3059
1508
9002
2781
2997
7080
9915
7916
9339
8645
7891
3076
9297
5144
3085
2628
2555
9845
7253
213
2918
2884
7261
5
1200
90
576
3699
6234
8964
1845
6118
6396
5435
9269
5730
858
7589
7104
9997
5542
5736
4861
959
9159
5637
1521
7593
3848
6818
8274
6328
4563
8984
236
2586
6800
2463
9587
8400
9576
8902
2283
7460
8191
5399
6133
6477
7666
8266
2762
2512
8013
5785
7052
9193
7776
6149
4427
651
4211
7623
5750
5828
2711
7753
1891
4597
463
3734
2641
2784
9695
6126
3099
9874
6131
6527
9632
4164
3556
4129
7265
6364
4999
3936
8922
5369
5478
2192
6228
6096
3411
8380
6746
4640
2233
623
7819
1917
8901
9191
8672
7610
806
4486
4783
9016
4833
8699
9391
1503
4744
5792
1420
714
4444
7317
45
648
7600
414
6244
9248
8144
1657
8982
565
2386
7394
7884
9754
8523
5034
665
5512
437
2357
9325
7101
5840
9938
5690
6919
9687
6705
5845
1281
1220
9505
654
9134
5558
6455
6371
1988
4802
2005
2530
7114
4664
7930
2382
6037
2664
2215
2260
6527
1125
6482
7455
138
7624
3022
1160
7939
1224
5915
1586
970
4360
522
5029
9569
4081
2627
1705
8916
6706
7658
9814
1368
9413
4928
8649
2486
1589
5366
4985
8105
7021
3671
1403
2390
5586
9942
787
2269
1667
2534
3964
317
8127
7913
874
2572
1208
5771
8845
1191
1335
1599
1145
8886
4753
6682
2756
4612
9720
1103
4416
2334
4517
9099
2138
6378
2052
6371
209
2250
7712
4042
2571
2577
2641
4598
5476
1701
9988
3861
361
8229
3098
4957
1956
8797
4882
4321
3976
8952
6715
2491
2320
3173
4389
8006
9363
8414
1816
2731
1883
7636
1064
5215
4662
9263
3255
3786
4012
2389
5083
2171
3091
472
1634
1914
31
3173
1778
4574
4157
4761
854
4576
4514
295
6886
5696
1520
5833
5526
359
8921
7283
3970
9197
7303
5678
2248
6827
4011
4707
3399
1571
5380
4917
5207
2031
1042
1493
3497
1463
43
3392
2879
3320
238
9708
3871
8609
1319
4227
1829
8111
4019
5759
7527
6428
3524
918
3292
2595
887
6136
6223
2999
8771
8519
9009
9620
7477
5109
