747
265
369
304
79
41
350
215
967
37
915
443
713
551
444
928
535
195
498
53
730
228
583
817
830
295
826
198
247
495
997
682
708
713
13
428
244
297
66
452
694
996
448
638
909
960
804
377
652
616
451
643
942
693
616
271
777
210
340
673
556
478
739
297
318
215
348
767
433
997
265
470
760
684
577
995
228
567
938
96
413
273
106
276
943
173
896
238
347
938
911
26
552
527
667
811
169
957
622
233
408
52
565
468
291
54
639
162
991
68
182
502
298
77
81
226
806
38
136
6
634
79
394
417
787
946
60
806
931
113
355
459
320
360
540
823
657
121
9
506
213
143
759
114
636
77
30
555
65
943
937
502
817
601
614
725
973
719
551
277
54
301
803
405
554
496
815
246
537
732
497
724
70
384
14
629
762
615
810
583
187
688
248
294
613
768
667
158
287
582
429
622
298
127
189
54
653
556
134
162
692
873
949
232
434
135
643
150
93
868
13
655
25
57
144
128
288
212
385
877
296
487
332
882
501
337
10
111
89
780
665
867
425
823
719
4
106
188
694
654
124
148
271
907
669
586
816
81
417
397
335
138
265
834
716
504
745
506
498
607
262
160
623
296
584
693
821
507
813
783
103
524
359
528
415
498
598
187
807
948
888
852
823
684
152
936
999
41
261
810
85
831
501
368
649
26
562
965
847
531
979
145
693
322
382
982
782
76
989
828
318
623
902
703
423
516
311
159
643
756
986
953
779
327
829
596
967
576
598
414
359
357
421
176
106
941
90
551
212
83
944
853
597
714
666
912
912
961
326
16
233
786
471
543
483
430
431
412
921
571
708
416
115
752
418
533
636
759
154
340
281
516
730
126
852
398
4
37
338
68
635
236
9
138
44
484
679
268
418
672
975
810
452
947
685
348
178
553
700
488
558
820
533
98
840
960
571
795
517
704
253
677
680
762
563
533
881
512
45
690
366
145
713
966
703
584
67
963
302
555
297
247
135
526
551
107
628
345
897
432
348
136
640
651
293
289
71
259
167
499
998
104
475
581
606
118
412
429
302
971
853
770
317
565
955
828
121
311
677
26
863
710
953
156
60
647
0
659
364
315
397
77
458
941
946
182
943
523
76
723
397
308
591
720
766
146
941
461
297
39
267
428
86
668
869
886
737
808
491
231
396
806
147
551
848
658
66
130
668
309
197
770
866
863
901
300
773
29
554
225
336
875
535
189
299
523
638
813
935
71
917
276
701
779
770
215
329
967
891
523
845
243
665
475
187
851
166
694
818
966
804
983
302
426
848
703
361
898
655
257
886
163
591
52
472
155
697
271
30
370
870
975
889
502
608
572
113
746
626
997
269
814
778
737
922
325
270
505
783
522
85
602
94
301
216
798
716
261
136
749
349
630
378
784
338
669
232
631
364
505
985
291
310
605
341
782
734
227
257
650
124
299
178
600
30
492
496
666
867
298
376
979
422
297
951
461
78
969
59
50
932
954
412
103
316
242
668
15
240
45
194
876
369
308
957
835
671
1
527
560
171
642
480
655
355
180
357
734
654
33
385
831
9
333
698
178
249
806
247
930
913
18
697
366
318
198
759
187
193
420
334
64
301
308
128
75
290
878
757
10
194
366
120
269
58
746
332
474
651
16
878
320
265
107
468
288
963
96
766
672
348
292
636
747
745
952
473
62
573
480
238
451
714
416
882
563
48
248
265
632
490
465
906
345
7
64
749
794
575
3
636
603
784
722
546
391
879
408
282
576
50
169
585
664
813
734
206
211
147
223
73
812
320
921
218
998
893
896
867
948
620
558
409
658
492
605
638
461
199
377
99
640
74
314
509
473
748
281
333
772
563
544
796
87
44
559
14
101
337
404
383
798
376
274
131
582
361
558
186
405
320
974
549
648
964
610
650
383
127
192
886
174
704
875
403
511
989
195
343
311
332
179
783
840
12
143
932
488
319
756
854
120
443
949
262
287
546
10
808
648
678
708
729
177
481
135
789
821
300
751
956
653
302
302
717
322
816
956
716
15
798
400
1
484
192
462
721
845
914
26
480
205
713
780
574
373
79
805
778
506
241
624
525
910
711
644
529
637
427
217
465
706
198
713
146
59
7
314
947
443
365
353
625
206
736
929
446
954
882
84
355
501
964
553
195
537
222
334
722
695
375
72
709
867
654
177
276
156
984
481
510
799
931
320
59
556
530
386
608
409
314
733
967
189
740
679
957
288
773
292
496
857
538
302
288
473
576
293
532
230
802
42
57
466
452
974
831
69
72
488
